0|1,2|21,1,,|17,0,,|16,0,,|14,0,,|1,0,,|0,0,,|2,0,,|DWAPP|DW_N_GND, DW_GND, 
2|6,7,14,41,42,43,44,45|24,1,,|12,0,,|1,0,,|0,0,,|2,0,,|CKAPP|CK_GND, CK_GND, CK_TWR, CK_APP, CK_APP, CK_APP, CK_APP, CK_APP, 
3|8,34,36,37,38,39,40|23,1,,|12,0,,|1,0,,|0,0,,|2,0,,|NNAPP|NN_GND, NN_APP, NN_APP, NN_APP, NN_APP, NN_APP, NN_APP, 
4|9,11,49,50|21,1,,|19,0,,|18,0,,|17,0,,|16,0,,|15,0,,|14,0,,|1,0,,|0,0,,|2,0,,|DWAPP|DW_TWR, DW_TWR, DW_APP_10N, DW_APP_10S, 
5|12,13|23,1,,|12,0,,|NNAPP|NN_TWR, NN_TWR, 
6|15|19,0,,|18,0,,|15,0,,|17,0,,|16,0,,|14,0,,|1,0,,|0,0,,|2,0,,|21,1,,|DWLS|WT_TWR, 
7|16,33|25,1,,|19,0,,|18,0,,|15,0,,|17,0,,|16,0,,|14,0,,|1,0,,|0,0,,|2,0,,|21,1,,|RAD|ME_TWR, ME_APP, 
8|17,18,19,30,31,32,70|12,0,,|1,0,,|0,0,,|2,0,,|SLS|WF_TWR, WF_TWR, WF_TWR, KY_TWR, KY_TWR, KY_TWR, SLS, 
9|20,21,22,23,24,25,26,27,28,29,69|11,0,,|12,0,,|1,0,,|0,0,,|2,0,,|SLN|KN_TWR, KN_TWR, KN_TWR, KN_TWR, SG_TWR, SG_TWR, SG_TWR, DL_TWR, DL_TWR, DL_TWR, SLN, 
10|46,47|21,1,,|15,0,,|19,0,,|18,0,,|14,0,,|17,0,,|16,0,,|1,0,,|0,0,,|2,0,,|DWAPP|DW_APP_281, DW_APP_281, 
11|48,51|22,1,,|FIN|DW_F_APP28, DW_F_APP10, 
12|52|21,1,,|19,0,,|18,0,,|15,0,,|17,0,,|16,0,,|14,0,,|1,0,,|0,0,,|2,0,,|DWAPP|DW_APP_16, 
13|53,58,61|14,0,,|1,0,,|0,0,,|2,0,,|DWUN|DWUN, UN1, DWUN16, 
14|54,62|15,0,,|14,0,,|1,0,,|0,0,,|2,0,,|DWLN|DWLN, DWLN16, 
15|55,57,63|17,0,,|16,0,,|14,0,,|1,0,,|0,0,,|2,0,,|DWUS|DWUS, US1, DWUS16, 
16|56,59,64|19,0,,|18,0,,|15,0,,|17,0,,|16,0,,|14,0,,|1,0,,|0,0,,|2,0,,|DWLS|DWLS, LS1, DWLS16, 
17|60|15,0,,|17,0,,|16,0,,|14,0,,|1,0,,|0,0,,|2,0,,|DWLN|LN1, 
18|65,68|17,0,,|16,0,,|1,0,,|0,0,,|2,0,,|DWUS|US16, UN16, 
19|66,67|19,0,,|18,0,,|17,0,,|16,0,,|1,0,,|0,0,,|2,0,,|DWLS|LN16, LS16, 
20|71|8,0,,|7,0,,|3,0,,|4,0,,|1,0,,|0,0,,|2,0,,|SNN|SNN, 
21|72|9,0,,|10,0,,|5,0,,|6,0,,|3,0,,|4,0,,|1,0,,|0,0,,|2,0,,|SNO|SNO, 
22|73|5,0,,|6,0,,|3,0,,|4,0,,|1,0,,|0,0,,|2,0,,|SNS|SNS, 
23|74|1,0,,|0,0,,|2,0,,|SNE|SNE, 
24|75|3,0,,|4,0,,|1,0,,|0,0,,|2,0,,|SNW|SNW, 
25|76|13,0,,|SNI|SNI, 
