0|5,6|15,1,,|13,1,,|3,0,,|4,0,,|5,0,,|6,0,,|8,0,,|7,0,,|RKA|BIRK_TWR, BIRK_APP, 
1|11,12,13|13,1,,|3,0,,|4,0,,|5,0,,|6,0,,|8,0,,|7,0,,|KFA|BIKF_RWY, BIKF_TWR, BIKF_APP, 
2|14,15,16,17|14,1,,|13,1,,|3,0,,|4,0,,|5,0,,|6,0,,|8,0,,|7,0,,|KFF|BIKF ARR 01, BIKF ARR 10, BIKF ARR 19, BIKF ARR 28, 
4|19,20,21,23,24,29,33,34,35|3,0,,|4,0,,|5,0,,|6,0,,|8,0,,|7,0,,|S1|BIAR_TWR, BIMM_TWR, BIAR_APP, BIEG_TWR, BIVM_TWR, BIRD_1 DOM, BIRD_1 FL55-FL245, BIRD_1 FL245-FL285, BIRD_1 FL285-FL335, 
5|25,30,31,39,40,41|7,0,,|8,0,,|6,0,,|5,0,,|3,0,,|4,0,,|E1|EKVG_TWR, RATSU TRIANGLE E4 FL195-FL245, RATSU TRIANGLE E4 FL245-FL345, BIRD_4 DOM, BIRD_4 FL55-FL245, BIRD_4 FL245-FL345, 
6|32,42|8,0,,|7,0,,|6,0,,|5,0,,|3,0,,|4,0,,|E2|RATSU TRIANGLE E5, BIRD_5, 
7|36|5,0,,|3,0,,|4,0,,|6,0,,|8,0,,|7,0,,|S2|BIRD_2 FL335-FL345, 
8|37|5,0,,|6,0,,|3,0,,|4,0,,|8,0,,|7,0,,|S2|BIRD_2 FL345-FL355, 
9|38|6,0,,|5,0,,|3,0,,|4,0,,|8,0,,|7,0,,|S3|BIRD_3, 
10|43,44|9,0,,|10,0,,|11,0,,|6,0,,|5,0,,|3,0,,|4,0,,|0,0,,|W1|BIRD_6, BIRD_6, 
11|45|10,0,,|9,0,,|11,0,,|6,0,,|5,0,,|3,0,,|4,0,,|0,0,,|W2|BIRD_7 F335-F345, 
12|46|10,0,,|11,0,,|9,0,,|6,0,,|5,0,,|3,0,,|4,0,,|0,0,,|W2|BIRD_7 F345-F355, 
13|47|11,0,,|10,0,,|9,0,,|6,0,,|5,0,,|3,0,,|4,0,,|0,0,,|W3|BIRD_8, 
14|48,49,50|0,0,,|CC|BIRD_N, BIRD_N, ENJA_TWR, 
15|51,52|16,0,,|SI|Narsarsuaq_TIZ, BGKK_TIZ, 
16|53,54,55,56|17,1,,|16,0,,|SFA|Sondre_Stromfjord_CTR, Sondrestrom_TMA_A, Sondrestrom_TMA_B, Sondrestrom_CTA, 
17|58,59|18,1,,|THA|BGTL_AP1, BGTL_AP2, 
